678716460
1435510242
2245266552
3375170933
1901677689
876755443
4182214968
3565678170
3253423524
2387324210
1558528420
611890203
2515000697
1908066446
1192967725
2274440729
202428060
3641597358
186719562
279359091
8155542
903973185
3611359806
1585171991
1690186240
3132490543
3286937568
1880285700
3260135971
2247963911
2363310280
815030316
1031918144
3523315816
2727411859
3473608746
1239532148
766090688
2010945864
3817730981
3255753940
1552118744
827513323
931033749
712045508
1853238607
2880965658
1266055121
4286589436
77807112
1708185013
2605482820
1010235832
729325617
3411269454
387728442
3096831367
1084683519
2456480698
2452048317
2724580719
2492002420
2695784699
503436086
139646814
366435197
2537444301
3478582060
1462322700
3550153456
1742994114
2412323914
2927005193
613553637
1416153327
262212840
2718174256
999075598
1518834996
3432789097
2776512556
242468966
490756535
1540984961
3455482903
2938724210
562202209
2910408490
2545063987
1887653216
3293131517
3498358930
3965915253
3717974377
1167344681
3484624764
9650824
3450709783
2722042657
3951188231
1746882181
2937070457
2724446425
287272030
401411853
761558237
3430371849
2690068235
585792226
3839115332
555366633
505397735
3060213488
22397072
2941763938
679997652
3080426368
2451668185
2845093796
303959313
3011767648
4109598781
2708961852
912317765
2789829883
4272510797
2479596549
1566763395
3637746824
34273329
713064640
3151321228
821167732
715519966
1185136900
4182587978
3381177843
3564446185
385116043
2086363340
1784653909
4217467815
2336131857
2097581129
753159610
1245050486
2052157745
3184644370
3461911369
2926727642
4240636798
1123367615
3945375263
3953524962
2439188540
3613188596
3208499696
4153449678
3990525379
3623992260
2350295688
2407158796
516175619
338483322
991713452
1804150252
3821640848
2777155032
681222988
683325493
2101176813
1317575125
3390926614
456997523
2556695271
1468237338
534417005
2211367148
922933157
751369838
1411826882
1848801622
1898817471
3615148561
2636415552
1140343847
2017965641
2991245717
510295355
2077119419
3072059103
52865718
4238492397
3466586284
210174375
842676230
1295308160
2903660664
1312182575
3085213220
1246902490
1002456370
3900163797
1291539071
1236543086
694569840
3196756423
480238483
2256490282
3885187738
3462994614
3620888928
1160474191
455095178
1248070960
69507533
1506715162
1462841290
3969340571
885838899
3451676349
2689919060
2598001369
2160607806
2225502977
1407336069
3957873878
4231439046
2119821896
29601778
2502394373
212863889
221011362
2218965366
947206181
1984282720
2053245648
3881448325
1602637651
4128174994
1120348751
656035300
1663465899
58170578
3584835530
3880211136
1134953644
1947428740
3980289795
2102722285
3892394765
2836369695
359695656
2295838137
298810277
3422353278
702767290
2918476914
3855615131
1917440138
1838305868
3880086050
448741139
1551137806
1421492961
1891349708
1378474886
1298012232
3786633067
676094527
1136308101
1153499720
769365527
932275562
508741199
4171077173
872673551
293531903
380606472
4223747552
3823953319
2641128105
3925626757
775956449
2497058770
1289480279
2696253276
4149268848
187443952
1002619089
747622752
3101452375
3217350597
423978784
3794327147
1470837980
2472778438
1106549040
255924604
1119118240
2050732024
3043001042
1174969884
2466782743
669999823
2922587287
590785055
1483425550
193112907
1592875994
433765751
1493443068
2199255999
3845844904
2524082536
794306100
885944156
4161971981
1932631573
1921317488
1136876501
1499375582
2097341468
1659626540
3681874587
463810166
352931563
3423191927
3788309653
2009365287
642253799
3277271647
3475183517
2658467583
2411275070
3569256700
804848255
2397743978
3336484630
2789116070
167043868
2700992335
4034060151
2899913806
3114697980
2517817462
1695378929
187503159
3616754844
2631959646
1653826598
2871793183
1927804316
3814562599
1277903442
2347810670
3584381328
4215746110
1041845026
1760536114
482571226
2013936428
2130622269
1951255335
1162523318
3909579934
3917817105
840927311
3159211350
2613217552
436093201
1096338344
1626612397
1723255024
1646815943
3602711783
3844174904
2391941581
2192950721
4172506786
3220541062
1586517326
2773203156
1770324591
2175531273
3235605455
1190811589
1729562314
3492673023
737238345
63522078
4070562452
1499952057
2956015603
1786204031
3089546065
2311868551
1126443512
1878241281
1937721134
1717217086
3454878347
4063835081
1119072431
3975323026
3141667743
4069460663
2514953108
1693825422
1780472928
3380507293
3203128804
1419002339
3430468754
2034092551
3542062161
119189476
1184969258
2903155407
1026522211
2430761507
1555460480
3753468293
950008119
958178204
4165312098
2736112732
1651361102
1750043628
1019501034
548713695
409164058
396416479
732447919
1046137044
2163565632
134298657
1789462141
1121085887
2188620025
1097092521
119271658
2134331809
3464418661
493558618
2907589904
3946056193
4083341788
744015504
2711812574
404797294
1486352116
1247275844
1672012213
2381821068
1047706700
182025123
1446288537
1395439627
1342124750
1876919061
23510659
1326265234
1693059708
2605704167
2204864186
2127776077
3146835378
3742769369
3771468168
1856430171
1629813421
722554725
3429653279
110726699
2158291959
3862646788
3352333827
3908089270
2614497271
2940907357
309450278
1144405314
2269427706
104454935
122429438
2022193737
2974433369
1968513828
2056945102
462137557
277688663
1071644315
4095372055
159913895
2321219047
177810073
514823936
2663447188
284048811
3451993289
666124423
3874445760
3274444802
2628490183
1180922957
3755461726
3359146996
3821274238
3638197221
2076473920
3896074830
36644680
1940635823
1314364783
896681232
1494290873
507924524
324651720
3995636058
429160675
3411868384
402712169
1782559984
2861438708
1229951781
2388240576
3132477780
306443347
2366239372
3240682055
3263801765
3376910242
238361840
1962794064
1316226815
3771679550
1882577404
86044124
2216980676
1839694002
3116233242
3235226222
636191575
2864653074
418530769
301817556
2228871008
1597830083
3679131716
817357446
2272996240
59786588
2246164891
2732579696
3289225767
1571708733
4143464207
2928246431
3418097579
3092951254
3091155109
2001116184
4227393590
1215748524
3173890597
2847471601
1320007007
1300572185
1935429954
268408638
3059135686
2714317525
3716393801
2895477137
620857111
3678081898
2431342714
1347932105
235948218
234602142
2786331234
467438246
3849370535
2708635109
2681024021
355494484
4147535377
887377951
1499985738
720737665
2326076630
4107913120
1257339826
3060477254
1864214325
2578974784
3652652861
3823325678
1732250628
546569101
828830920
144402294
1416779167
843187076
1388298546
1767173950
3535386049
1721093200
4018330549
4283654442
117070402
4108417869
434663948
768565225
2829511237
2205250624
4259904416
3333771949
1160283043
1556887825
3071243324
3568566699
1657484460
3169599275
2072952777
667131361
3742940494
3616035909
3900142382
4272312967
1175478129
1362344648
2167568087
3727747528
2635384806
711499472
502443559
3102611846
2291004067
2969126969
2011422247
920617631
720637626
1467198904
3346455545
2028061889
2451428116
3194363504
3331868132
925703619
1151875023
3470410845
328036279
4165375928
3552606317
2872603624
464761082
2501762546
2169036001
1495792011
2990889348
1698786524
797479563
3307579888
2931129991
3906344103
2983714532
3155350238
3558583575
3021034678
3876970450
4132948914
3168082539
2295962722
3244684000
3732918177
465106036
48960985
3842021830
2424615579
75585188
707772238
2854349169
4163177939
3608609915
1633708205
1076784034
2947796818
2050663557
3803885006
2608296558
3366353911
3197324823
1996479436
2649300459
1790896257
3147474212
4254206271
1178244141
3598059574
897874764
1175898441
394517458
3366371828
1290256982
153972895
468602159
1235856901
1482710356
793610720
1054045464
231723173
2999588447
3701610238
2329178043
4092138133
1706548938
2113952801
1934903181
2681842988
3165002502
2334286282
4110016434
329179086
156945791
1624155371
542684323
3618512300
3626739331
3830933521
1677935245
2229251271
2148643856
2768751490
2835079785
3895812113
2531020443
4199096084
481407740
2398886909
3349930583
61620432
2745487705
1806823960
946409669
3247167626
2461356949
2193715950
3851936959
683310935
3439366413
3826083921
518020497
774934911
346970162
4244308035
2910841114
132370299
3188537622
2587579626
2989048571
2705105516
1696198026
2975768473
504983121
195674179
3169103205
1018737451
791103289
2290619687
1260347115
1097606079
3383101850
2301642143
2936713852
1891421538
3287910109
4018516641
2019366540
3012309364
729140291
1854082597
1819201711
2645188863
2656564339
1658840792
2157112043
1432966668
134243217
2124357788
221475327
2463854305
4033119877
379255673
2833654236
622586622
1665083885
2457549279
744244495
929359369
1264441634
3616432616
1736474847
3256321500
3924648261
3938887410
677109329
3618715389
4049742610
1329444632
2303234012
271846861
2430049365
3172516775
3965167959
2980176911
1826304216
3411481385
1571428962
2811380791
460597780
2742347803
2166805079
105678611
575383072
2581494594
1465457955
2274618690
896516606
891562299
1699638431
1835002455
2894025246
1119384324
1516302557
2781490080
2166236435
801888935
2012450362
3677219671
627409724
2043762341
2615685900
1020380433
1621316702
1556343824
2699839770
363782847
2872553973
1583336957
2642397945
1316003794
1278726620
149347345
2164245306
1525229421
4059443517
1317635591
927475642
1348092829
622620773
3398956699
4228082259
3927522857
3533063608
3483303614
4168448128
2960758118
999962374
117617438
909087024
4001755047
3750745995
944837812
2939224971
2047102806
2585181508
3458723183
1891328916
630189007
4214604695
3163987618
1919007543
3855323096
2209506879
457635332
3946643591
3745903556
3671814209
724834705
3924971384
4199862212
636550208
288785399
3362898008
3377063512
2157962737
209081199
1773498237
858394143
3274019203
2405386131
3617220050
2840195887
419470803
3474234858
1473420642
4134186866
1902062099
287504179
2133179006
1891049551
3732296060
2448044041
3344464707
2632343894
525667542
647847424
742052005
192127963
62049985
3962047785
1938066215
2770012428
3455217349
1329667072
3544152920
1868861195
3785357142
319979695
800864672
2764376091
1936056781
2119996633
1908820268
324567795
1538563353
976313111
3615322207
1155159411
2027835333
1704024992
3475995881
59665366
4165822579
3509204677
2669240467
93338213
1365741054
1834714508
1561941039
68034457
1860362992
152716222
3730565347
2757267279
829866550
1106611626
1577718689
1951040108
3136449614
2477950491
2462592703
2536271870
192480254
2554586908
2064665055
4127170606
2786000035
1842052251
2411292829
2190999074
1670987559
1529145112
3557119447
148750685
3737671630
885768676
3639008543
314346657
1307901805
1156297251
3407726280
661100574
1386423543
647782394
3154314649
3278697969
2907741967
703690930
384917576
1781279852
4097267108
3519707791
404023071
3332567004
1467217749
4266587938
1218662184
